*****file version number for spectral file **********************
 15 
Field 1 spectra follow. first npts, then npts rows of spec, fit, baseline, fitmarker, frequency
 550 
4.1206019658e2	4.2570779033e2	4.2588682964e2	 0	.00000000
4.1165602125e2	4.2518334225e2	4.2538259950e2	 0	.00077422
4.1135953960e2	4.2461264659e2	4.2487814019e2	 0	.00154844
4.1090479517e2	4.2401970912e2	4.2437345194e2	 0	.00232266
4.1036772339e2	4.2339721772e2	4.2386853500e2	 22	.00309686
4.0979146968e2	4.2273543681e2	4.2336338962e2	 0	.00387094
4.0922652764e2	4.2202140057e2	4.2285801603e2	 0	.00464503
4.0877378383e2	4.2123785096e2	4.2235241447e2	 0	.00541911
4.0848970854e2	4.2036182082e2	4.2184658520e2	 0	.00619321
4.0803083705e2	4.1936275985e2	4.2134052846e2	 0	.00696733
4.0749956580e2	4.1820005509e2	4.2083424449e2	 0	.00774146
4.0696108478e2	4.1681975734e2	4.2032773352e2	 0	.00851561
4.0640564253e2	4.1515026875e2	4.1982099582e2	 0	.00928981
4.0591980672e2	4.1309671814e2	4.1931403161e2	 0	.01006401
4.0547837459e2	4.1053360258e2	4.1880684114e2	 0	.01083825
4.0496934922e2	4.0729532774e2	4.1829942465e2	 0	.01161252
4.0437290058e2	4.0326249473e2	4.1779178240e2	 19	.01238684
4.0383496060e2	4.0279933025e2	4.1728391462e2	 0	.01316120
4.0325777578e2	4.0226149864e2	4.1677582155e2	 0	.01393560
4.0275455095e2	4.0171680337e2	4.1626750344e2	 0	.01471004
4.0231700681e2	4.0116492339e2	4.1575896053e2	 0	.01548456
4.0172754146e2	4.0060551776e2	4.1525019306e2	 0	.01625909
4.0108382034e2	4.0003821297e2	4.1474120128e2	 0	.01703361
4.0040338346e2	3.9946260413e2	4.1423198543e2	 1	.01780809
3.9976014047e2	3.9887825598e2	4.1372254576e2	 0	.01858246
3.9918743502e2	3.9828468989e2	4.1321288250e2	 0	.01935670
3.9870957653e2	3.9768139026e2	4.1270299590e2	 0	.02013075
3.9813383870e2	3.9706778822e2	4.1219288621e2	 0	.02090460
3.9743256518e2	3.9644327453e2	4.1168255367e2	 0	.02167817
3.9671317285e2	3.9580717641e2	4.1117199851e2	 0	.02245143
3.9598830714e2	3.9515875594e2	4.1066122099e2	 0	.02322436
3.9534720318e2	3.9449721833e2	4.1015022134e2	 2	.02399688
3.9470437541e2	3.9382167481e2	4.0963899982e2	 0	.02476899
3.9400592038e2	3.9313116941e2	4.0912755665e2	 0	.02554061
3.9322199237e2	3.9242463927e2	4.0861589210e2	 0	.02631171
3.9243694451e2	3.9170091731e2	4.0810400639e2	 0	.02708225
3.9168678795e2	3.9095871020e2	4.0759189977e2	 0	.02785221
3.9098713758e2	3.9019658121e2	4.0707957250e2	 0	.02862159
3.9020830549e2	3.8941292193e2	4.0656702480e2	 0	.02939043
3.8929577166e2	3.8860594248e2	4.0605425692e2	 0	.03015877
3.8837018977e2	3.8777365601e2	4.0554126911e2	 0	.03092663
3.8741237149e2	3.8691384932e2	4.0502806160e2	 0	.03169402
3.8649038820e2	3.8602401320e2	4.0451463465e2	 0	.03246101
3.8563491605e2	3.8510136296e2	4.0400098850e2	 0	.03322761
3.8472809468e2	3.8414276090e2	4.0348712338e2	 0	.03399384
3.8369061654e2	3.8314464731e2	4.0297303955e2	 0	.03475975
3.8254505466e2	3.8210300708e2	4.0245873724e2	 0	.03552537
3.8136226114e2	3.8101330089e2	4.0194421670e2	 0	.03629071
3.8009008148e2	3.7987032856e2	4.0142947817e2	 0	.03705582
3.7884847731e2	3.7866816782e2	4.0091452189e2	 0	.03782073
3.7760990553e2	3.7740004272e2	4.0039934812e2	 0	.03858546
3.7620552145e2	3.7605815085e2	3.9988395708e2	 0	.03935004
3.7466518337e2	3.7463347026e2	3.9936834903e2	 0	.04011451
3.7301418214e2	3.7311562795e2	3.9885252421e2	 0	.04087885
3.7122132570e2	3.7149250118e2	3.9833648285e2	 0	.04164308
3.6944488944e2	3.6974995679e2	3.9782022522e2	 0	.04240720
3.6754272875e2	3.6787144859e2	3.9730375153e2	 0	.04317119
3.6539581312e2	3.6583733931e2	3.9678706205e2	 0	.04393509
3.6303210087e2	3.6362445030e2	3.9627015702e2	 0	.04469889
3.6041319018e2	3.6120518753e2	3.9575303667e2	 0	.04546257
3.5755468337e2	3.5854633126e2	3.9523570125e2	 0	.04622616
3.5446186510e2	3.5560786102e2	3.9471815100e2	 0	.04698967
3.5109158993e2	3.5234139939e2	3.9420038617e2	 0	.04775306
3.4719004352e2	3.4868748432e2	3.9368240701e2	 0	.04851638
3.4279107281e2	3.4457329222e2	3.9316421374e2	 0	.04927961
3.3784468750e2	3.3990850410e2	3.9264580662e2	 0	.05004276
3.3220383581e2	3.3458059464e2	3.9212718589e2	 0	.05080583
3.2580804620e2	3.2844842428e2	3.9160835180e2	 0	.05156882
3.1853467698e2	3.2133422192e2	3.9108930458e2	 0	.05233171
3.0985986799e2	3.1301315309e2	3.9057004448e2	 0	.05309448
2.9945185623e2	3.0320087865e2	3.9005057174e2	 0	.05385711
2.8723151031e2	2.9154052001e2	3.8953088661e2	 0	.05461955
2.7281717760e2	2.7759110035e2	3.8901098932e2	 0	.05538176
2.5594169369e2	2.6082624955e2	3.8849088013e2	 0	.05614373
2.3646940656e2	2.4066244428e2	3.8797055928e2	 0	.05690539
2.1364809612e2	2.1653568546e2	3.8745002700e2	 0	.05766675
1.8663751506e2	1.8807124196e2	3.8692928355e2	 0	.05842775
1.5560401671e2	1.5534523785e2	3.8640832916e2	 0	.05918836
1.2071244451e2	1.1919871757e2	3.8588716408e2	 0	.05994855
8.3321671617e1	8.1455390972e1	3.8536578855e2	 0	.06070829
4.6854228342e1	4.4853112470e1	3.8484420282e2	 0	.06146753
1.4530293111e1	1.2599893112e1	3.8432240712e2	 0	.06222625
-1.0776805074e1	-1.2279656476e1	3.8380040171e2	 0	.06298443
-2.6312490924e1	-2.7497767196e1	3.8327818682e2	 0	.06374201
-3.1008660479e1	-3.1758143213e1	3.8275576270e2	 0	.06449902
-2.4015239480e1	-2.4765387028e1	3.8223312959e2	 0	.06525546
-5.6054319307e0	-7.1980215902e0	3.8171028773e2	 0	.06601135
2.2134922030e1	1.9285048437e1	3.8118723737e2	 0	.06676672
5.6056269596e1	5.2127216094e1	3.8066397875e2	 0	.06752157
9.1895254332e1	8.8224608929e1	3.8014051212e2	 0	.06827593
1.2677184076e2	1.2451883994e2	3.7961683772e2	 0	.06902983
1.5916771019e2	1.5858244944e2	3.7909295578e2	 0	.06978326
1.8782164233e2	1.8893408102e2	3.7856886656e2	 0	.07053625
2.1228705879e2	2.1499948920e2	3.7804457029e2	 0	.07128883
2.3324724010e2	2.3685616744e2	3.7752006723e2	 0	.07204101
2.5112269369e2	2.5493894574e2	3.7699535761e2	 0	.07279280
2.6639940635e2	2.6981282156e2	3.7647044167e2	 0	.07354423
2.7929380982e2	2.8203747108e2	3.7594531967e2	 0	.07429531
2.8993946741e2	2.9210701300e2	3.7541999184e2	 0	.07504608
2.9845707054e2	3.0043081803e2	3.7489445843e2	 0	.07579651
3.0536588676e2	3.0733946748e2	3.7436871967e2	 0	.07654667
3.1111327455e2	3.1309338582e2	3.7384277582e2	 0	.07729650
3.1606118234e2	3.1789860394e2	3.7331662711e2	 0	.07804605
3.2037295627e2	3.2191704993e2	3.7279027380e2	 0	.07879527
3.2414948288e2	3.2527907192e2	3.7226371611e2	 0	.07954420
3.2732277888e2	3.2809213385e2	3.7173695430e2	 0	.08029282
3.2986672298e2	3.3044967594e2	3.7120998862e2	 0	.08104113
3.3196314501e2	3.3243695978e2	3.7068281929e2	 0	.08178913
3.3373683828e2	3.3413351658e2	3.7015544657e2	 0	.08253683
3.3523109922e2	3.3561116226e2	3.6962787069e2	 0	.08328420
3.3660698391e2	3.3692922226e2	3.6910009191e2	 0	.08403126
3.3784423453e2	3.3812896382e2	3.6857211047e2	 0	.08477801
3.3883481766e2	3.3923151013e2	3.6804392660e2	 0	.08552446
3.3978206663e2	3.4024056470e2	3.6751554056e2	 0	.08627057
3.4071197690e2	3.4114962726e2	3.6698695258e2	 0	.08701637
3.4159734509e2	3.4194971472e2	3.6645816290e2	 0	.08776185
3.4244443729e2	3.4263538254e2	3.6592917178e2	 0	.08850701
3.4319251774e2	3.4320711312e2	3.6539997946e2	 0	.08925184
3.4372395256e2	3.4367081731e2	3.6487058617e2	 0	.08999635
3.4407258870e2	3.4403573584e2	3.6434099216e2	 0	.09074053
3.4435577063e2	3.4431233294e2	3.6381119768e2	 0	.09148438
3.4455982116e2	3.4451073051e2	3.6328120296e2	 0	.09222790
3.4478786654e2	3.4463987104e2	3.6275100826e2	 0	.09297108
3.4502090718e2	3.4470724950e2	3.6222061381e2	 0	.09371393
3.4511861035e2	3.4471887475e2	3.6169001986e2	 0	.09445645
3.4507744039e2	3.4467935582e2	3.6115922664e2	 0	.09519861
3.4492175701e2	3.4459206181e2	3.6062823441e2	 0	.09594044
3.4474162583e2	3.4445909960e2	3.6009704341e2	 0	.09668193
3.4455861324e2	3.4428133358e2	3.5956565388e2	 0	.09742306
3.4448548370e2	3.4405836127e2	3.5903406606e2	 0	.09816385
3.4428962438e2	3.4378844656e2	3.5850228020e2	 0	.09890428
3.4394529146e2	3.4346867903e2	3.5797029654e2	 0	.09964436
3.4353219513e2	3.4309547668e2	3.5743811532e2	 0	.10038409
3.4307875928e2	3.4266584441e2	3.5690573679e2	 0	.10112349
3.4266020215e2	3.4217964412e2	3.5637316118e2	 0	.10186258
3.4222886118e2	3.4164283079e2	3.5584038875e2	 0	.10260137
3.4177450681e2	3.4107077914e2	3.5530741974e2	 0	.10333990
3.4119193667e2	3.4048989013e2	3.5477425438e2	 0	.10407817
3.4057510437e2	3.3993532951e2	3.5424089293e2	 0	.10481621
3.4004936943e2	3.3944394355e2	3.5370733562e2	 0	.10555403
3.3963681415e2	3.3904401486e2	3.5317358271e2	 0	.10629167
3.3942645978e2	3.3874608907e2	3.5263963442e2	 0	.10702914
3.3934394369e2	3.3853944356e2	3.5210549101e2	 0	.10776645
3.3920699567e2	3.3839610317e2	3.5157115272e2	 0	.10850362
3.3899173412e2	3.3828025094e2	3.5103661979e2	 0	.10924068
3.3873807075e2	3.3815836985e2	3.5050189247e2	 0	.10997765
3.3850146927e2	3.3800603270e2	3.4996697099e2	 0	.11071454
3.3830870524e2	3.3780987382e2	3.4943185561e2	 0	.11145138
3.3821936943e2	3.3756578628e2	3.4889654656e2	 0	.11218819
3.3796317698e2	3.3727553491e2	3.4836104408e2	 0	.11292492
3.3756831271e2	3.3694361185e2	3.4782534843e2	 0	.11366157
3.3710668564e2	3.3657497814e2	3.4728945985e2	 0	.11439809
3.3666527867e2	3.3617387343e2	3.4675337857e2	 0	.11513446
3.3626239934e2	3.3574328366e2	3.4621710484e2	 0	.11587065
3.3589789666e2	3.3528478864e2	3.4568063891e2	 0	.11660665
3.3549146906e2	3.3479853223e2	3.4514398102e2	 0	.11734240
3.3496625000e2	3.3428323887e2	3.4460713140e2	 0	.11807787
3.3436221411e2	3.3373624517e2	3.4407009031e2	 0	.11881303
3.3375728486e2	3.3315367093e2	3.4353285799e2	 0	.11954787
3.3308591997e2	3.3253095415e2	3.4299543468e2	 0	.12028235
3.3252658973e2	3.3186406556e2	3.4245782062e2	 0	.12101644
3.3190946803e2	3.3115169936e2	3.4192001605e2	 0	.12175010
3.3117931766e2	3.3039837188e2	3.4138202123e2	 0	.12248333
3.3031742842e2	3.2961770849e2	3.4084383639e2	 0	.12321605
3.2948858086e2	3.2883407389e2	3.4030546178e2	 0	.12394828
3.2869190677e2	3.2808070635e2	3.3976689764e2	 0	.12467999
3.2803667265e2	3.2739313949e2	3.3922814421e2	 0	.12541120
3.2757743626e2	3.2679945494e2	3.3868920173e2	 0	.12614195
3.2710320153e2	3.2631117719e2	3.3815007046e2	 0	.12687222
3.2663743482e2	3.2591923182e2	3.3761075063e2	 0	.12760209
3.2623085623e2	3.2559707081e2	3.3707124248e2	 0	.12833151
3.2587925062e2	3.2530938772e2	3.3653154627e2	 0	.12906055
3.2555701258e2	3.2502200951e2	3.3599166223e2	 0	.12978923
3.2530059365e2	3.2470898515e2	3.3545159060e2	 0	.13051753
3.2498077145e2	3.2435513713e2	3.3491133163e2	 0	.13124551
3.2451945895e2	3.2395471071e2	3.3437088556e2	 0	.13197316
3.2403992698e2	3.2350828843e2	3.3383025264e2	 0	.13270052
3.2352263490e2	3.2301961556e2	3.3328943311e2	 0	.13342762
3.2299443379e2	3.2249331992e2	3.3274842721e2	 0	.13415445
3.2253820462e2	3.2193363332e2	3.3220723518e2	 0	.13488105
3.2201634509e2	3.2134384701e2	3.3166585727e2	 0	.13560744
3.2135339790e2	3.2072619962e2	3.3112429373e2	 0	.13633362
3.2056051114e2	3.2008194368e2	3.3058254479e2	 0	.13705960
3.1980894534e2	3.1941147067e2	3.3004061069e2	 0	.13778536
3.1905355446e2	3.1871441355e2	3.2949849169e2	 0	.13851089
3.1840754332e2	3.1798972187e2	3.2895618802e2	 0	.13923618
3.1781692038e2	3.1723569835e2	3.2841369993e2	 0	.13996122
3.1703019905e2	3.1644999521e2	3.2787102766e2	 0	.14068601
3.1612810870e2	3.1562959574e2	3.2732817146e2	 0	.14141052
3.1513090718e2	3.1477071957e2	3.2678513156e2	 0	.14213476
3.1417381869e2	3.1386875376e2	3.2624190822e2	 0	.14285870
3.1323630858e2	3.1291807119e2	3.2569850166e2	 0	.14358235
3.1231753383e2	3.1191189198e2	3.2515491215e2	 0	.14430567
3.1128789460e2	3.1084197446e2	3.2461113991e2	 0	.14502867
3.1011018441e2	3.0969834701e2	3.2406718520e2	 0	.14575133
3.0880604517e2	3.0846885679e2	3.2352304825e2	 0	.14647365
3.0736187521e2	3.0713865999e2	3.2297872932e2	 0	.14719562
3.0582376423e2	3.0568955457e2	3.2243422864e2	 0	.14791721
3.0424380384e2	3.0409899556e2	3.2188954645e2	 0	.14863844
3.0254662479e2	3.0233904400e2	3.2134468301e2	 0	.14935930
3.0055688985e2	3.0037474403e2	3.2079963854e2	 0	.15007983
2.9830957838e2	2.9816245227e2	3.2025441331e2	 0	.15080001
2.9573085623e2	2.9564729127e2	3.1970900754e2	 0	.15151987
2.9274724154e2	2.9276057575e2	3.1916342149e2	 0	.15223942
2.8936916522e2	2.8941690491e2	3.1861765539e2	 0	.15295867
2.8551704290e2	2.8551185749e2	3.1807170949e2	 0	.15367763
2.8092773659e2	2.8092166436e2	3.1752558403e2	 0	.15439633
2.7556378816e2	2.7550845832e2	3.1697927926e2	 0	.15511475
2.6934548742e2	2.6913412899e2	3.1643279542e2	 0	.15583292
2.6218708457e2	2.6169043747e2	3.1588613275e2	 0	.15655086
2.5407648783e2	2.5314853285e2	3.1533929149e2	 0	.15726858
2.4502300825e2	2.4362590221e2	3.1479227189e2	 0	.15798607
2.3504768379e2	2.3345401490e2	3.1424507420e2	 0	.15870337
2.2464439047e2	2.2321987206e2	3.1369769865e2	 0	.15942047
2.1462795895e2	2.1374073735e2	3.1315014549e2	 0	.16013740
2.0621758395e2	2.0595580882e2	3.1260241496e2	 0	.16085417
2.0050213057e2	2.0074530332e2	3.1205450730e2	 0	.16157080
1.9819926733e2	1.9872965432e2	3.1150642276e2	 0	.16228733
1.9947320854e2	2.0011567999e2	3.1095816159e2	 0	.16300377
2.0381739501e2	2.0464308411e2	3.1040972401e2	 0	.16372015
2.1075039480e2	2.1165102637e2	3.0986111029e2	 0	.16443650
2.1929359076e2	2.2024054782e2	3.0931232066e2	 0	.16515284
2.2852274732e2	2.2947682297e2	3.0876335536e2	 0	.16586920
2.3781295421e2	2.3856334702e2	3.0821421463e2	 0	.16658559
2.4652480611e2	2.4694225184e2	3.0766489873e2	 0	.16730204
2.5396333333e2	2.5430929553e2	3.0711540789e2	 0	.16801858
2.6012154002e2	2.6056835202e2	3.0656574236e2	 0	.16873523
2.6514594946e2	2.6576182046e2	3.0601590238e2	 0	.16945203
2.6919014377e2	2.7000462566e2	3.0546588820e2	 0	.17016899
2.7250608767e2	2.7343724877e2	3.0491570005e2	 0	.17088613
2.7537355322e2	2.7619775327e2	3.0436533817e2	 0	.17160348
2.7779081663e2	2.7840861015e2	3.0381480283e2	 0	.17232107
2.7979284468e2	2.8017251549e2	3.0326409425e2	 0	.17303888
2.8133880714e2	2.8157333128e2	3.0271321268e2	 0	.17375692
2.8250179579e2	2.8267825000e2	3.0216215836e2	 0	.17447514
2.8334315037e2	2.8354097920e2	3.0161093153e2	 0	.17519352
2.8404753177e2	2.8420434369e2	3.0105953245e2	 0	.17591205
2.8467843131e2	2.8470251850e2	3.0050796135e2	 0	.17663070
2.8506312892e2	2.8506296183e2	2.9995621848e2	 0	.17734947
2.8534062356e2	2.8530774081e2	2.9940430407e2	 0	.17806830
2.8542631044e2	2.8545482551e2	2.9885221838e2	 0	.17878719
2.8545928919e2	2.8551884570e2	2.9829996164e2	 0	.17950611
2.8549872277e2	2.8551183709e2	2.9774753410e2	 0	.18022506
2.8560328342e2	2.8544369359e2	2.9719493600e2	 0	.18094398
2.8558832281e2	2.8532268177e2	2.9664216759e2	 0	.18166288
2.8544259220e2	2.8515567253e2	2.9608922911e2	 0	.18238172
2.8521152702e2	2.8494845098e2	2.9553612080e2	 0	.18310049
2.8487304497e2	2.8470588682e2	2.9498284290e2	 0	.18381916
2.8456177888e2	2.8443211552e2	2.9442939566e2	 0	.18453772
2.8430090573e2	2.8413064797e2	2.9387577933e2	 0	.18525614
2.8406635520e2	2.8380450345e2	2.9332199413e2	 0	.18597445
2.8380041130e2	2.8345624113e2	2.9276804033e2	 0	.18669259
2.8344110520e2	2.8308808812e2	2.9221391815e2	 0	.18741059
2.8299984922e2	2.8270195037e2	2.9165962786e2	 0	.18812843
2.8253784468e2	2.8229947800e2	2.9110516967e2	 0	.18884610
2.8207858313e2	2.8188209765e2	2.9055054385e2	 1	.18956358
2.8171190367e2	2.8145105149e2	2.8999575064e2	 0	.19028088
2.8132758354e2	2.8100741145e2	2.8944079027e2	 0	.19099798
2.8087677743e2	2.8055211160e2	2.8888566299e2	 0	.19171489
2.8032779002e2	2.8008595416e2	2.8833036904e2	 0	.19243157
2.7979268111e2	2.7960964077e2	2.8777490867e2	 0	.19314805
2.7929073969e2	2.7912376656e2	2.8721928212e2	 0	.19386428
2.7886941440e2	2.7862884675e2	2.8666348964e2	 0	.19458027
2.7847832488e2	2.7812531617e2	2.8610753146e2	 0	.19529601
2.7801021782e2	2.7761353940e2	2.8555140783e2	 0	.19601150
2.7743553692e2	2.7709381522e2	2.8499511900e2	 0	.19672673
2.7683869823e2	2.7656638251e2	2.8443866520e2	 0	.19744170
2.7624632632e2	2.7603142277e2	2.8388204668e2	 0	.19815639
2.7565623185e2	2.7548906456e2	2.8332526368e2	 0	.19887083
2.7517578135e2	2.7493938309e2	2.8276831645e2	 0	.19958499
2.7468959323e2	2.7438240299e2	2.8221120523e2	 0	.20029889
2.7416772112e2	2.7381809771e2	2.8165393026e2	 0	.20101253
2.7357080693e2	2.7324638978e2	2.8109649179e2	 0	.20172590
2.7297565429e2	2.7266714967e2	2.8053889005e2	 0	.20243899
2.7227348742e2	2.7208019136e2	2.7998112530e2	 0	.20315183
2.7161091770e2	2.7148527425e2	2.7942319777e2	 0	.20386439
2.7112600041e2	2.7088209360e2	2.7886510772e2	 0	.20457669
2.7051237665e2	2.7027027927e2	2.7830685537e2	 0	.20528873
2.6987065615e2	2.6964939194e2	2.7774844098e2	 2	.20600048
2.6918972855e2	2.6901890783e2	2.7718986479e2	 0	.20671196
2.6848842987e2	2.6837821439e2	2.7663112704e2	 0	.20742318
2.6783030177e2	2.6772660316e2	2.7607222797e2	 0	.20813412
2.6726615243e2	2.6706324329e2	2.7551316783e2	 0	.20884482
2.6665260417e2	2.6638718571e2	2.7495394687e2	 0	.20955525
2.6593028012e2	2.6569731823e2	2.7439456531e2	 0	.21026546
2.6516367822e2	2.6499236535e2	2.7383502342e2	 0	.21097545
2.6438415408e2	2.6427084716e2	2.7327532143e2	 0	.21168524
2.6359032364e2	2.6353104609e2	2.7271545958e2	 0	.21239486
2.6286247587e2	2.6277097703e2	2.7215543812e2	 0	.21310431
2.6210673267e2	2.6198832779e2	2.7159525729e2	 0	.21381360
2.6131522999e2	2.6118038398e2	2.7103491733e2	 0	.21452278
2.6045763139e2	2.6034398968e2	2.7047441849e2	 0	.21523184
2.5954027847e2	2.5947541678e2	2.6991376101e2	 0	.21594081
2.5855823886e2	2.5857027800e2	2.6935294513e2	 0	.21664969
2.5755803012e2	2.5762335193e2	2.6879197111e2	 0	.21735851
2.5664442677e2	2.5662841713e2	2.6823083917e2	 0	.21806729
2.5558384715e2	2.5557802128e2	2.6766954956e2	 0	.21877604
2.5443283705e2	2.5446316946e2	2.6710810253e2	 0	.21948478
2.5312633230e2	2.5327295606e2	2.6654649832e2	 0	.22019352
2.5175806002e2	2.5199404003e2	2.6598473718e2	 0	.22090229
2.5033343069e2	2.5060998326e2	2.6542281934e2	 0	.22161114
2.4885024237e2	2.4910037681e2	2.6486074505e2	 0	.22232014
2.4726473309e2	2.4743980993e2	2.6429851455e2	 0	.22302931
2.4539185190e2	2.4559624995e2	2.6373612809e2	 0	.22373871
2.4327135953e2	2.4352913339e2	2.6317358591e2	 0	.22444839
2.4084961675e2	2.4118672860e2	2.6261088825e2	 0	.22515841
2.3801859014e2	2.3850287404e2	2.6204803535e2	 0	.22586881
2.3479446081e2	2.3539273806e2	2.6148502747e2	 0	.22657965
2.3104635809e2	2.3174831282e2	2.6092186483e2	 0	.22729096
2.2664926217e2	2.2743365121e2	2.6035854770e2	 0	.22800283
2.2153730363e2	2.2228394469e2	2.5979507630e2	 0	.22871526
2.1552699175e2	2.1611010302e2	2.5923145088e2	 0	.22942835
2.0844729249e2	2.0872130987e2	2.5866767169e2	 0	.23014210
2.0020408870e2	1.9997028984e2	2.5810373896e2	 0	.23085661
1.9066413160e2	1.8983539215e2	2.5753965295e2	 0	.23157190
1.7977046019e2	1.7852633643e2	2.5697541389e2	 0	.23228804
1.6819303012e2	1.6658736101e2	2.5641102203e2	 0	.23300503
1.5674757797e2	1.5493348159e2	2.5584647761e2	 0	.23372284
1.4662408189e2	1.4476312687e2	2.5528178088e2	 0	.23444144
1.3913764047e2	1.3733476233e2	2.5471693207e2	 0	.23516076
1.3520447422e2	1.3366275187e2	2.5415193144e2	 0	.23588077
1.3521394884e2	1.3424378982e2	2.5358677922e2	 0	.23660143
1.3910579414e2	1.3891409810e2	2.5302147565e2	 0	.23732268
1.4617790615e2	1.4689328234e2	2.5245602099e2	 0	.23804450
1.5555015099e2	1.5699814281e2	2.5189041547e2	 0	.23876681
1.6620589975e2	1.6795018915e2	2.5132465934e2	 0	.23948959
1.7669762294e2	1.7865705329e2	2.5075875284e2	 0	.24021279
1.8654114563e2	1.8837825498e2	2.5019269621e2	 0	.24093637
1.9503789955e2	1.9674669165e2	2.4962648970e2	 0	.24166027
2.0191843028e2	2.0368947422e2	2.4906013354e2	 0	.24238446
2.0745283395e2	2.0931235738e2	2.4849362800e2	 0	.24310889
2.1192533684e2	2.1380055029e2	2.4792697329e2	 0	.24383351
2.1557148350e2	2.1735411127e2	2.4736016968e2	 0	.24455829
2.1861987294e2	2.2015549388e2	2.4679321740e2	 0	.24528328
2.2123066790e2	2.2235755193e2	2.4622611670e2	 0	.24600855
2.2316280012e2	2.2408301409e2	2.4565886782e2	 0	.24673417
2.2459640078e2	2.2542865359e2	2.4509147100e2	 0	.24746029
2.2568088717e2	2.2646966950e2	2.4452392648e2	 0	.24818695
2.2652399072e2	2.2726481776e2	2.4395623451e2	 0	.24891424
2.2719663903e2	2.2786005950e2	2.4338839534e2	 0	.24964226
2.2771930384e2	2.2829152236e2	2.4282040920e2	 0	.25037109
2.2812586984e2	2.2858787072e2	2.4225227634e2	 0	.25110083
2.2835137356e2	2.2877195639e2	2.4168399701e2	 0	.25183155
2.2849013346e2	2.2886217558e2	2.4111557144e2	 0	.25256336
2.2857496473e2	2.2887331396e2	2.4054699987e2	 0	.25329632
2.2853707880e2	2.2881736306e2	2.3997828256e2	 0	.25403054
2.2848113696e2	2.2870403147e2	2.3940941974e2	 0	.25476611
2.2836961819e2	2.2854124191e2	2.3884041167e2	 0	.25550311
2.2817793626e2	2.2833553152e2	2.3827125857e2	 0	.25624161
2.2789451526e2	2.2809238094e2	2.3770196070e2	 0	.25698170
2.2756685417e2	2.2781640542e2	2.3713251829e2	 0	.25772340
2.2726544018e2	2.2751153834e2	2.3656293160e2	 0	.25846668
2.2699148123e2	2.2718117247e2	2.3599320086e2	 0	.25921153
2.2674979641e2	2.2682824134e2	2.3542332632e2	 0	.25995797
2.2638166997e2	2.2645526187e2	2.3485330822e2	 0	.26070597
2.2592822153e2	2.2606441802e2	2.3428314680e2	 0	.26145553
2.2546401506e2	2.2565759645e2	2.3371284232e2	 0	.26220663
2.2503863820e2	2.2523644439e2	2.3314239500e2	 0	.26295929
2.2463212252e2	2.2480238533e2	2.3257180509e2	 0	.26371347
2.2425391749e2	2.2435667669e2	2.3200107284e2	 0	.26446920
2.2382489171e2	2.2390040843e2	2.3143019850e2	 0	.26522643
2.2333231167e2	2.2343455211e2	2.3085918229e2	 0	.26598519
2.2287912748e2	2.2295995577e2	2.3028802448e2	 0	.26674544
2.2239599691e2	2.2247737800e2	2.2971672529e2	 0	.26750720
2.2191969864e2	2.2198748648e2	2.2914528498e2	 0	.26827044
2.2147929827e2	2.2149088155e2	2.2857370378e2	 0	.26903519
2.2098568647e2	2.2098810045e2	2.2800198194e2	 0	.26980151
2.2042396555e2	2.2047962233e2	2.2743011971e2	 0	.27056946
2.1981176361e2	2.1996587547e2	2.2685811732e2	 0	.27133910
2.1929930322e2	2.1944724532e2	2.2628597502e2	 0	.27211052
2.1882077785e2	2.1892407733e2	2.2571369305e2	 0	.27288381
2.1842152228e2	2.1839667852e2	2.2514127166e2	 0	.27365900
2.1789134571e2	2.1786532894e2	2.2456871109e2	 0	.27443619
2.1727569616e2	2.1733027881e2	2.2399601158e2	 0	.27521544
2.1666111613e2	2.1679175464e2	2.2342317337e2	 0	.27599683
2.1608195586e2	2.1624996036e2	2.2285019672e2	 0	.27678043
2.1558840697e2	2.1570508010e2	2.2227708186e2	 0	.27756631
2.1510031889e2	2.1515728002e2	2.2170382903e2	 0	.27835454
2.1457322504e2	2.1460671020e2	2.2113043848e2	 0	.27914520
2.1399919843e2	2.1405350541e2	2.2055691045e2	 0	.27993835
2.1343981786e2	2.1349778707e2	2.1998324519e2	 0	.28073407
2.1286444493e2	2.1293966427e2	2.1940944293e2	 0	.28153248
2.1234407013e2	2.1237923385e2	2.1883550393e2	 1	.28233373
2.1183771225e2	2.1181658066e2	2.1826142842e2	 0	.28313799
2.1122917182e2	2.1125177754e2	2.1768721665e2	 0	.28394536
2.1061166007e2	2.1068488642e2	2.1711286886e2	 0	.28475602
2.1001410417e2	2.1011595751e2	2.1653838529e2	 0	.28557011
2.0941785685e2	2.0954502912e2	2.1596376619e2	 0	.28638780
2.0898119348e2	2.0897212695e2	2.1538901181e2	 0	.28720921
2.0842273144e2	2.0839726275e2	2.1481412237e2	 0	.28803447
2.0780817657e2	2.0782043135e2	2.1423909814e2	 0	.28886378
2.0717454662e2	2.0724160900e2	2.1366393934e2	 0	.28969724
2.0652526403e2	2.0666074684e2	2.1308864623e2	 0	.29053503
2.0598035334e2	2.0607776533e2	2.1251321904e2	 0	.29137729
2.0550454579e2	2.0549254365e2	2.1193765803e2	 0	.29222416
2.0491906910e2	2.0490490378e2	2.1136196343e2	 0	.29307582
2.0426981167e2	2.0431458509e2	2.1078613548e2	 0	.29393258
2.0372118915e2	2.0372121248e2	2.1021017444e2	 0	.29479476
2.0312217368e2	2.0312424578e2	2.0963408054e2	 0	.29566271
2.0258813428e2	2.0252291275e2	2.0905785402e2	 0	.29653673
2.0195635396e2	2.0191611858e2	2.0848149513e2	 0	.29741719
2.0124929249e2	2.0130237844e2	2.0790500412e2	 0	.29830440
2.0060072710e2	2.0067985367e2	2.0732838122e2	 0	.29919870
2.0002624752e2	2.0004672308e2	2.0675162669e2	 0	.30010041
1.9952284653e2	1.9940218853e2	2.0617474075e2	 0	.30100988
1.9886580054e2	1.9874825628e2	2.0559772366e2	 0	.30192742
1.9814068317e2	1.9809161396e2	2.0502057566e2	 0	.30285337
1.9747081559e2	1.9744381931e2	2.0444329699e2	 0	.30378807
1.9682951031e2	1.9681792461e2	2.0386588790e2	 0	.30473186
1.9635336304e2	1.9622215992e2	2.0328834862e2	 0	.30568527
1.9584286551e2	1.9565490397e2	2.0271067941e2	 0	.30664889
1.9523390986e2	1.9510528078e2	2.0213288050e2	 0	.30762334
1.9468479662e2	1.9455912355e2	2.0155495215e2	 0	.30860924
1.9414664274e2	1.9400543501e2	2.0097689458e2	 0	.30960721
1.9370474505e2	1.9343908515e2	2.0039870805e2	 0	.31061783
1.9310956724e2	1.9285966895e2	1.9982039279e2	 0	.31164177
1.9246181972e2	1.9226903567e2	1.9924194906e2	 0	.31267959
1.9183731209e2	1.9166945055e2	1.9866337709e2	 0	.31373194
1.9136189460e2	1.9106279561e2	1.9808467713e2	 0	.31479943
1.9084262706e2	1.9045041685e2	1.9750584942e2	 0	.31588267
1.9013372855e2	1.8983321271e2	1.9692689420e2	 0	.31698227
1.8948254600e2	1.8921175951e2	1.9634781173e2	 0	.31809886
1.8890469431e2	1.8858641294e2	1.9576860223e2	 0	.31923309
1.8838990615e2	1.8795737747e2	1.9518926596e2	 2	.32038564
1.8769615697e2	1.8732475649e2	1.9460980315e2	 0	.32155714
1.8708346432e2	1.8668857860e2	1.9403021405e2	 0	.32274824
1.8645655342e2	1.8604881668e2	1.9345049891e2	 0	.32395961
1.8591144142e2	1.8540540317e2	1.9287065797e2	 0	.32519189
1.8523539583e2	1.8475823538e2	1.9229069146e2	 0	.32644574
1.8456371638e2	1.8410718173e2	1.9171059964e2	 0	.32772182
1.8394154909e2	1.8345208701e2	1.9113038274e2	 0	.32902076
1.8336116832e2	1.8279277351e2	1.9055004102e2	 0	.33034317
1.8262441213e2	1.8212907827e2	1.8996957471e2	 0	.33168913
1.8194013758e2	1.8146083642e2	1.8938898405e2	 0	.33305850
1.8135335231e2	1.8078786505e2	1.8880826929e2	 0	.33445117
1.8068301918e2	1.8010996762e2	1.8822743068e2	 0	.33586700
1.7990768502e2	1.7942693138e2	1.8764646845e2	 0	.33730585
1.7925584818e2	1.7873852343e2	1.8706538285e2	 0	.33876762
1.7862054476e2	1.7804449704e2	1.8648417413e2	 0	.34025216
1.7778407219e2	1.7734458307e2	1.8590284251e2	 0	.34175936
1.7708058416e2	1.7663850578e2	1.8532138826e2	 0	.34328895
1.7638146225e2	1.7592605040e2	1.8473981161e2	 0	.34483979
1.7551157054e2	1.7520702766e2	1.8415811281e2	 0	.34641036
1.7478058973e2	1.7448124214e2	1.8357629209e2	 0	.34799914
1.7396899278e2	1.7374849487e2	1.8299434971e2	 0	.34960459
1.7300864542e2	1.7300857973e2	1.8241228590e2	 0	.35122519
1.7217038614e2	1.7226128683e2	1.8183010091e2	 0	.35285941
1.7120574814e2	1.7150640747e2	1.8124779498e2	 0	.35450567
1.7022369596e2	1.7074377294e2	1.8066536836e2	 0	.35616203
1.6916072566e2	1.6997322955e2	1.8008282128e2	 0	.35782646
1.6806499051e2	1.6919464279e2	1.7950015399e2	 0	.35949684
1.6690208993e2	1.6843441368e2	1.7891736674e2	 5	.36117113
1.6557802001e2	1.7048677359e2	1.7833445977e2	 22	.36284593
1.6422826918e2	1.7186123249e2	1.7775143332e2	 0	.36451101
1.6272197937e2	1.7274934893e2	1.7716828763e2	 0	.36617611
1.6109984241e2	1.7327100264e2	1.7658502295e2	 0	.36784120
1.5938165058e2	1.7351691038e2	1.7600163952e2	 0	.36950630
1.5737048762e2	1.7355554529e2	1.7541813759e2	 0	.37117139
1.5519351238e2	1.7343849456e2	1.7483451739e2	 0	.37283648
1.5280254641e2	1.7320456881e2	1.7425077917e2	 0	.37450158
1.5011328692e2	1.7288293562e2	1.7366692317e2	 0	.37616668
1.4700139356e2	1.7249549820e2	1.7308294965e2	 0	.37783176
1.4351641625e2	1.7205869531e2	1.7249885883e2	 0	.37949686
1.3949078115e2	1.7158485874e2	1.7191465096e2	 0	.38116196
1.3482950289e2	1.7108323647e2	1.7133032629e2	 0	.38282705
1.2936723474e2	1.7056076214e2	1.7074588507e2	 0	.38449214
1.2282538738e2	1.7002263324e2	1.7016132752e2	 0	.38615724
1.1482948020e2	1.6947274529e2	1.6957665390e2	 0	.38782233
1.0487398577e2	1.6891401774e2	1.6899186445e2	 0	.38948743
9.1935140883e1	1.6834863831e2	1.6840695941e2	 0	.39115252
7.4249997731e1	1.6777824637e2	1.6782193903e2	 0	.39281761
4.8278530528e1	1.6720407030e2	1.6723680355e2	 0	.39448270
5.9522310231e0	1.6662703053e2	1.6665155321e2	 0	.39614781
-7.1123143771e1	1.6604781672e2	1.6606618825e2	 0	.39781289
-2.1071695050e2	1.6546694566e2	1.6548070893e2	 0	.39947798
-3.4365886324e2	1.6488480458e2	1.6489511548e2	 0	.40114308
-3.3041607529e2	1.6430168364e2	1.6430940814e2	 0	.40280818
-1.8768578899e2	1.6371780029e2	1.6372358716e2	 0	.40447326
-5.4099186262e1	1.6313331751e2	1.6313765278e2	 0	.40613836
-1.3079026609e1	1.6254835746e2	1.6255160525e2	 0	.40780346
-7.9187512376e0	1.6196301171e2	1.6196544480e2	 0	.40946855
-1.9330821988e1	1.6137734894e2	1.6137917169e2	 0	.41113364
-4.5866212046e1	1.6079142063e2	1.6079278615e2	 0	.41279874
-1.1336804703e2	1.6020526545e2	1.6020628843e2	 0	.41446383
-1.2870373391e2	1.5961891241e2	1.5961967877e2	 0	.41612892
-1.8809873432e2	1.5903238330e2	1.5903295741e2	 0	.41779402
-2.4159245029e2	1.5844569451e2	1.5844612461e2	 0	.41945911
-3.4326832735e2	1.5785885838e2	1.5785918059e2	 0	.42112420
-3.3835201423e2	1.5727188423e2	1.5727212561e2	 0	.42278931
-3.0477593069e2	1.5668477908e2	1.5668495990e2	 0	.42445439
-3.3178325289e2	1.5609754825e2	1.5609768372e2	 0	.42611948
-3.5606353032e2	1.5551019581e2	1.5551029730e2	 0	.42778459
-3.5616016399e2	1.5492272486e2	1.5492280088e2	 0	.42944968
-3.5617824505e2	1.5433513777e2	1.5433519472e2	 0	.43111476
-3.5621995606e2	1.5374743638e2	1.5374747905e2	 0	.43277987
-3.5627239996e2	1.5315962215e2	1.5315965412e2	 0	.43444496
-3.5628486922e2	1.5257169622e2	1.5257172016e2	 0	.43611005
-3.5628234014e2	1.5198365949e2	1.5198367743e2	 0	.43777513
-3.5629940202e2	1.5139551273e2	1.5139552617e2	 0	.43944024
-3.5627714356e2	1.5080725662e2	1.5080726661e2	 0	.44110533
4.1245542574e2	1.5021889150e2	1.5021889901e2	 0	.44110533
4.0191900949e2	1.4963041798e2	1.4963042361e2	 0	.44210533
3.5832799175e2	1.4904183642e2	1.4904184064e2	 0	.44310533
2.8127643564e2	1.4845314720e2	1.4845315036e2	 0	.44410533
1.1363620545e2	1.4786435063e2	1.4786435300e2	 0	.44510533
1.0081568647e2	1.4727544704e2	1.4727544881e2	 0	.44610533
9.8779610149e0	1.4668643671e2	1.4668643804e2	 0	.44710533
-7.6458504744e1	1.4609731992e2	1.4609732091e2	 0	.44810533
-1.4561205817e2	1.4550809695e2	1.4550809769e2	 0	.44910533
-2.1779758086e2	1.4491876805e2	1.4491876861e2	 0	.45010533
-2.8516415388e2	1.4432933350e2	1.4432933392e2	 0	.45110533
-3.4039766584e2	1.4373979354e2	1.4373979385e2	 0	.45210533
-3.5425670730e2	1.4315014842e2	1.4315014866e2	 0	.45310533
-3.5583504455e2	1.4256039840e2	1.4256039858e2	 0	.45410533
-3.5607563469e2	1.4197054372e2	1.4197054386e2	 0	.45510533
-3.5614203259e2	1.4138058464e2	1.4138058474e2	 0	.45610533
-3.5619328115e2	1.4079052139e2	1.4079052146e2	 0	.45710533
-3.5621411778e2	1.4020035422e2	1.4020035427e2	 0	.45810533
-3.5620976423e2	1.3961008337e2	1.3961008342e2	 0	.45910533
-3.5622004414e2	1.3901970910e2	1.3901970913e2	 0	.46010533
-3.5625723804e2	1.3842923165e2	1.3842923167e2	 0	.46110533
-3.5625083354e2	1.3783865125e2	1.3783865126e2	 0	.46210533
-3.5624733560e2	1.3724796815e2	1.3724796816e2	 0	.46310533
-3.5625867244e2	1.3665718260e2	1.3665718261e2	 0	.46410533
-3.5625829497e2	1.3606629484e2	1.3606629485e2	 0	.46510533
-3.5627510520e2	1.3547530512e2	1.3547530512e2	 0	.46610533
-3.5628293152e2	1.3488421367e2	1.3488421367e2	 0	.46710533
-3.5626366770e2	1.3429302074e2	1.3429302074e2	 3	.46810533
-3.5625080837e2	1.3370172657e2	1.3370172657e2	 0	.46910533
-3.5627740780e2	1.3311033141e2	1.3311033141e2	 0	.47010533
-3.5628101898e2	1.3251883550e2	1.3251883550e2	 0	.47110533
-3.5626459880e2	1.3192723908e2	1.3192723908e2	 0	.47210533
-3.5627935809e2	1.3133554240e2	1.3133554240e2	 0	.47310533
-3.5627432508e2	1.3074374569e2	1.3074374569e2	 0	.47410533
-3.5628134612e2	1.3015184921e2	1.3015184921e2	 0	.47510533
-3.5629800536e2	1.2955985320e2	1.2955985320e2	 0	.47610533
-3.5628021370e2	1.2896775790e2	1.2896775790e2	 0	.47710533
-3.5626018234e2	1.2837556354e2	1.2837556354e2	 0	.47810533
-3.5628173618e2	1.2778327039e2	1.2778327039e2	 3	.47910533
-3.5629912521e2	1.2719087867e2	1.2719087867e2	 0	.48010533
-3.5627675351e2	1.2659838864e2	1.2659838864e2	 0	.48110533
-3.5627994946e2	1.2600580053e2	1.2600580053e2	 0	.48210533
-3.5627869121e2	1.2541311459e2	1.2541311459e2	 0	.48310533
-3.5628236531e2	1.2482033106e2	1.2482033106e2	 0	.48410533
-3.5629820668e2	1.2422745018e2	1.2422745018e2	 0	.48510533
-3.5629497298e2	1.2363447221e2	1.2363447221e2	 0	.48610533
-3.5626893977e2	1.2304139737e2	1.2304139737e2	 0	.48710533
-3.5627010994e2	1.2244822593e2	1.2244822593e2	 0	.48810533
-3.5630152847e2	1.2185495810e2	1.2185495810e2	 0	.48910533
-3.5629681002e2	1.2126159416e2	1.2126159416e2	 0	.49010533
"AD Channel"
0
"AD Gain"
10
"AD Rep Rate"
1333.33333333333
"number of channels in off pulse"
50
"DAC step during off pulse"
-32767
"number of channels in sweep  1"
500
"number of DAC steps in sweep  1"
13000
"central DAC step in sweep  1"
13107
"npoints for preheat in sweep  1"
0
"volts during preheat in sweep  1"
0
"number of channels in sweep  2"
100
"number of DAC steps in sweep  2"
700
"central DAC step in sweep  2"
3932
"npoints for preheat in sweep  2"
0
"volts during preheat in sweep  2"
0
"number of channels in sweep  3"
0
"number of DAC steps in sweep  3"
0
"central DAC step in sweep  3"
0
"npoints for preheat in sweep  3"
0
"volts during preheat in sweep  3"
0
"number of channels in sweep  4"
0
"number of DAC steps in sweep  4"
0
"central DAC step in sweep  4"
0
"npoints for preheat in sweep  4"
0
"volts during preheat in sweep  4"
0
"refit time"
1
"display time"
1
"cell response time"
0
"pulse delay time"
300
"Delay time after board reset"
0
"cell pressure"
39.73136
"P fixed?"
#FALSE#
"cell temp"
297.1715
"T fixed?"
#FALSE#
"pathlength"
3600
"laser power, I0"
635.4112
"line width  1"
0
"lw variation 1"
0
"convolution method  1"
0
"line width  2"
.01015
"lw variation 2"
0
"convolution method  2"
0
"line width  3"
0
"lw variation 3"
0
"convolution method  3"
0
"line width  4"
0
"lw variation 4"
0
"convolution method  4"
0
"max fit iterations"
20
"fit convergence criteria"
.001
"threshold for doing fit"
10
"poly order for fits"
3
"Maximum DC light level"
6000
"linear tune rate 1"
0
"nonlinear rate 1"
0
"exp decay coef for rate 1"
0
"linear tune rate 2"
0
"nonlinear rate 2"
0
"exp decay coef for rate 2"
0
"linear tune rate 3"
0
"nonlinear rate 3"
0
"exp decay coef for rate 3"
0
"linear tune rate 4"
0
"nonlinear rate 4"
0
"exp decay coef for rate 4"
0
"etalon FSR -  1"
.02407
"etalon FSR -  2"
.0483
"etalon FSR -  3"
.0483
"etalon FSR -  4"
.0483
"peak position 1"
218.1324
"fix pos? 1"
#FALSE#
"mix ratio 1"
469843
"fix mix ratio? 1"
#FALSE#
"gauss width 1"
0
"fix gauss width? 1"
#FALSE#
"lor/gauss ratio 1"
.9508058
"fix l/g ratio? 1"
#TRUE#
"peak shift 1"
0
"fix peak shift? 1"
#FALSE#
"peak ratio 1"
0
"fix peak ratio? 1"
#FALSE#
"fingerprint frequency 1"
2349.31321
"hit file 1"
"C:\Hit\627_2348p80_2349p80.hit"
Fix MR to other species?
#FALSE#
Species number for fixing the MR
0
float Peak during lock for species  1
#TRUE#
Ambient P fit (T/F) 1
#FALSE#
"peak position 2"
85.10133
"fix pos? 2"
#FALSE#
"mix ratio 2"
446974.1
"fix mix ratio? 2"
#FALSE#
"gauss width 2"
0
"fix gauss width? 2"
#FALSE#
"lor/gauss ratio 2"
.2192638
"fix l/g ratio? 2"
#TRUE#
"peak shift 2"
0
"fix peak shift? 2"
#FALSE#
"peak ratio 2"
0
"fix peak ratio? 2"
#FALSE#
"fingerprint frequency 2"
2349.21536
"hit file 2"
"C:\Hit\628_2348p80_2349p80_mod.hit"
Fix MR to other species?
#FALSE#
Species number for fixing the MR
1
float Peak during lock for species  2
#TRUE#
Ambient P fit (T/F) 2
#FALSE#
"peak position 3"
321.5341
"fix pos? 3"
#FALSE#
"mix ratio 3"
438139.8
"fix mix ratio? 3"
#FALSE#
"gauss width 3"
0
"fix gauss width? 3"
#FALSE#
"lor/gauss ratio 3"
.2590871
"fix l/g ratio? 3"
#TRUE#
"peak shift 3"
0
"fix peak shift? 3"
#FALSE#
"peak ratio 3"
0
"fix peak ratio? 3"
#FALSE#
"fingerprint frequency 3"
2349.38705
"hit file 3"
"C:\Hit\626_2348p80_2349p80_mod.hit"
Fix MR to other species?
#FALSE#
Species number for fixing the MR
2
float Peak during lock for species  3
#TRUE#
Ambient P fit (T/F) 3
#FALSE#
"peak position 4"
141.2359
"fix pos? 4"
#FALSE#
"mix ratio 4"
0
"fix mix ratio? 4"
#TRUE#
"gauss width 4"
0
"fix gauss width? 4"
#FALSE#
"lor/gauss ratio 4"
0
"fix l/g ratio? 4"
#FALSE#
"peak shift 4"
0
"fix peak shift? 4"
#FALSE#
"peak ratio 4"
0
"fix peak ratio? 4"
#FALSE#
"fingerprint frequency 4"
2349.25725
"hit file 4"
"C:\Hit\CO2_2348p80_2349p80.hit"
Fix MR to other species?
#FALSE#
Species number for fixing the MR
0
float Peak during lock for species  4
#FALSE#
Ambient P fit (T/F) 4
#TRUE#
"peak position 5"
484.9
"fix pos? 5"
#TRUE#
"mix ratio 5"
524100
"fix mix ratio? 5"
#FALSE#
"gauss width 5"
0
"fix gauss width? 5"
#FALSE#
"lor/gauss ratio 5"
0
"fix l/g ratio? 5"
#FALSE#
"peak shift 5"
0
"fix peak shift? 5"
#FALSE#
"peak ratio 5"
0
"fix peak ratio? 5"
#FALSE#
"fingerprint frequency 5"
2310.347
"hit file 5"
""
Fix MR to other species?
#FALSE#
Species number for fixing the MR
0
float Peak during lock for species  5
#TRUE#
Ambient P fit (T/F) 5
#FALSE#
"peak position 6"
298
"fix pos? 6"
#TRUE#
"mix ratio 6"
0
"fix mix ratio? 6"
#TRUE#
"gauss width 6"
0
"fix gauss width? 6"
#FALSE#
"lor/gauss ratio 6"
1.759916
"fix l/g ratio? 6"
#TRUE#
"peak shift 6"
0
"fix peak shift? 6"
#FALSE#
"peak ratio 6"
0
"fix peak ratio? 6"
#FALSE#
"fingerprint frequency 6"
2310.186
"hit file 6"
""
Fix MR to other species?
#FALSE#
Species number for fixing the MR
0
float Peak during lock for species  6
#FALSE#
Ambient P fit (T/F) 6
#TRUE#
"peak position 7"
113
"fix pos? 7"
#TRUE#
"mix ratio 7"
0
"fix mix ratio? 7"
#FALSE#
"gauss width 7"
0
"fix gauss width? 7"
#FALSE#
"lor/gauss ratio 7"
0
"fix l/g ratio? 7"
#FALSE#
"peak shift 7"
0
"fix peak shift? 7"
#FALSE#
"peak ratio 7"
0
"fix peak ratio? 7"
#FALSE#
"fingerprint frequency 7"
0
"hit file 7"
""
Fix MR to other species?
#FALSE#
Species number for fixing the MR
0
float Peak during lock for species  7
#FALSE#
Ambient P fit (T/F) 7
#FALSE#
"peak position 8"
173.4
"fix pos? 8"
#TRUE#
"mix ratio 8"
-2.919E+07
"fix mix ratio? 8"
#FALSE#
"gauss width 8"
0
"fix gauss width? 8"
#FALSE#
"lor/gauss ratio 8"
0
"fix l/g ratio? 8"
#FALSE#
"peak shift 8"
0
"fix peak shift? 8"
#FALSE#
"peak ratio 8"
0
"fix peak ratio? 8"
#FALSE#
"fingerprint frequency 8"
2310.06194
"hit file 8"
""
Fix MR to other species?
#FALSE#
Species number for fixing the MR
0
float Peak during lock for species  8
#FALSE#
Ambient P fit (T/F) 8
#FALSE#
"peak position 9"
114
"fix pos? 9"
#TRUE#
"mix ratio 9"
0
"fix mix ratio? 9"
#FALSE#
"gauss width 9"
0
"fix gauss width? 9"
#FALSE#
"lor/gauss ratio 9"
0
"fix l/g ratio? 9"
#FALSE#
"peak shift 9"
0
"fix peak shift? 9"
#FALSE#
"peak ratio 9"
0
"fix peak ratio? 9"
#FALSE#
"fingerprint frequency 9"
0
"hit file 9"
""
Fix MR to other species?
#FALSE#
Species number for fixing the MR
0
float Peak during lock for species  9
#FALSE#
Ambient P fit (T/F) 9
#FALSE#
"peak position 10"
115
"fix pos? 10"
#TRUE#
"mix ratio 10"
0
"fix mix ratio? 10"
#FALSE#
"gauss width 10"
0
"fix gauss width? 10"
#FALSE#
"lor/gauss ratio 10"
0
"fix l/g ratio? 10"
#FALSE#
"peak shift 10"
0
"fix peak shift? 10"
#FALSE#
"peak ratio 10"
0
"fix peak ratio? 10"
#FALSE#
"fingerprint frequency 10"
0
"hit file 10"
""
Fix MR to other species?
#FALSE#
Species number for fixing the MR
0
float Peak during lock for species  10
#FALSE#
Ambient P fit (T/F) 10
#FALSE#
"peak position 11"
116
"fix pos? 11"
#TRUE#
"mix ratio 11"
0
"fix mix ratio? 11"
#FALSE#
"gauss width 11"
0
"fix gauss width? 11"
#FALSE#
"lor/gauss ratio 11"
0
"fix l/g ratio? 11"
#FALSE#
"peak shift 11"
0
"fix peak shift? 11"
#FALSE#
"peak ratio 11"
0
"fix peak ratio? 11"
#FALSE#
"fingerprint frequency 11"
0
"hit file 11"
""
Fix MR to other species?
#FALSE#
Species number for fixing the MR
0
float Peak during lock for species  11
#FALSE#
Ambient P fit (T/F) 11
#FALSE#
"peak position 12"
117
"fix pos? 12"
#TRUE#
"mix ratio 12"
0
"fix mix ratio? 12"
#FALSE#
"gauss width 12"
0
"fix gauss width? 12"
#FALSE#
"lor/gauss ratio 12"
0
"fix l/g ratio? 12"
#FALSE#
"peak shift 12"
0
"fix peak shift? 12"
#FALSE#
"peak ratio 12"
0
"fix peak ratio? 12"
#FALSE#
"fingerprint frequency 12"
0
"hit file 12"
""
Fix MR to other species?
#FALSE#
Species number for fixing the MR
0
float Peak during lock for species  12
#FALSE#
Ambient P fit (T/F) 12
#FALSE#
"peak position 13"
118
"fix pos? 13"
#TRUE#
"mix ratio 13"
0
"fix mix ratio? 13"
#FALSE#
"gauss width 13"
0
"fix gauss width? 13"
#FALSE#
"lor/gauss ratio 13"
0
"fix l/g ratio? 13"
#FALSE#
"peak shift 13"
0
"fix peak shift? 13"
#FALSE#
"peak ratio 13"
0
"fix peak ratio? 13"
#FALSE#
"fingerprint frequency 13"
0
"hit file 13"
""
Fix MR to other species?
#FALSE#
Species number for fixing the MR
0
float Peak during lock for species  13
#FALSE#
Ambient P fit (T/F) 13
#FALSE#
"peak position 14"
119
"fix pos? 14"
#TRUE#
"mix ratio 14"
0
"fix mix ratio? 14"
#FALSE#
"gauss width 14"
0
"fix gauss width? 14"
#FALSE#
"lor/gauss ratio 14"
0
"fix l/g ratio? 14"
#FALSE#
"peak shift 14"
0
"fix peak shift? 14"
#FALSE#
"peak ratio 14"
0
"fix peak ratio? 14"
#FALSE#
"fingerprint frequency 14"
0
"hit file 14"
""
Fix MR to other species?
#FALSE#
Species number for fixing the MR
0
float Peak during lock for species  14
#FALSE#
Ambient P fit (T/F) 14
#FALSE#
"peak position 15"
120
"fix pos? 15"
#TRUE#
"mix ratio 15"
0
"fix mix ratio? 15"
#FALSE#
"gauss width 15"
0
"fix gauss width? 15"
#FALSE#
"lor/gauss ratio 15"
0
"fix l/g ratio? 15"
#FALSE#
"peak shift 15"
0
"fix peak shift? 15"
#FALSE#
"peak ratio 15"
0
"fix peak ratio? 15"
#FALSE#
"fingerprint frequency 15"
0
"hit file 15"
""
Fix MR to other species?
#FALSE#
Species number for fixing the MR
0
float Peak during lock for species  15
#FALSE#
Ambient P fit (T/F) 15
#FALSE#
"peak position 16"
76
"fix pos? 16"
#TRUE#
"mix ratio 16"
0
"fix mix ratio? 16"
#FALSE#
"gauss width 16"
0
"fix gauss width? 16"
#FALSE#
"lor/gauss ratio 16"
0
"fix l/g ratio? 16"
#FALSE#
"peak shift 16"
0
"fix peak shift? 16"
#FALSE#
"peak ratio 16"
0
"fix peak ratio? 16"
#FALSE#
"fingerprint frequency 16"
0
"hit file 16"
""
Fix MR to other species?
#FALSE#
Species number for fixing the MR
0
float Peak during lock for species  16
#FALSE#
Ambient P fit (T/F) 16
#FALSE#
"fix baseline"
#FALSE#
Poly by Fit, Fit 1
0
Poly by Fit, Fit 2
6
Poly by Fit, Fit 3
2
Poly by Fit, Fit 4
0
Poly by Fit, Fit 5
0
Poly by Fit, Fit 6
0
Smart MR double fit threshhold - relative (try 0.01)
.01
AC droop freq
0
Ambient Path
130
Ambient Pressure
760
do fringe fit in Field 1 (0 means no)
0
fringe fsr
.051
Water double fit threshhold - absolute as fraction (try 0.0001)
0
Export Fits? (T/F)
#FALSE#
Number of Export Cores
2
Water Fit Index
0
Water PB ratio 1
0
Water PB ratio 2
0
Water PB ratio 3
0
Water PB ratio 4
0
Water PB ratio 5
0
Water PB ratio 6
0
Water PB ratio 7
0
Water PB ratio 8
0
Water PB ratio 9
0
Water PB ratio 10
0
Water PB ratio 11
0
Water PB ratio 12
0
Water PB ratio 13
0
Water PB ratio 14
0
Water PB ratio 15
0
Water PB ratio 16
0
Water Fit No Dilute
#FALSE#
Report number density instead of MR
#FALSE#
"property - timestamp"
3730009664530.94
"property - time and date"
#2022-03-13 09:47:44#
"property - acqusition state"
3
"property -  acquistion duration"
.999899983406067
"alt switch time"
.00195
"alt phase delay"
0
"alt data dropout time"
0
"cal gas conc 1"
100
"cal gas conc 2"
100
"cal gas conc 3"
100
"cal gas conc 4"
100
"cal gas conc 5"
100
"cal gas conc 6"
100
"cal gas conc 7"
100
"cal gas conc 8"
100
"cal gas conc 9"
100
"cal gas conc 10"
100
"cal gas conc 11"
100
"cal gas conc 12"
100
"cal gas conc 13"
100
"cal gas conc 14"
100
"cal gas conc 15"
100
"cal gas conc 16"
100
"calibration interval"
600
"calibration length"
60
"AD input for cal"
0
"poly order for cal"
0
"synchronize calibration?"
#FALSE#
"ignore calibration?"
#FALSE#
"tog BG with calibration?"
#FALSE#
"do cals at refit rate?"
#TRUE#
"save every calibration?"
#TRUE#
""
"00:05:00"
""
#FALSE#
""
#TRUE#
""
#FALSE#
""
#FALSE#
Include species 1 in cal?
#FALSE#
Include species 2 in cal?
#FALSE#
Include species 3 in cal?
#FALSE#
Include species 4 in cal?
#FALSE#
Include species 5 in cal?
#FALSE#
Include species 6 in cal?
#FALSE#
Include species 7 in cal?
#FALSE#
Include species 8 in cal?
#FALSE#
"reflock t interval"
5
lock tightness  1
.3
lock tightness  2
0
lock tightness  3
0
lock tightness  4
0
"reflock in flow cell or with flag?"
#FALSE#
"relock in flow cell or with flag?"
#FALSE#
"Continuous reference lock? (T or F)"
#TRUE#
"Semi-Continuous reference lock? (T or F)"
#FALSE#
"Save every ref spectra?"
#TRUE#
"Synch intermittent locks to minute?"
#FALSE#
Number of channels to offset signal peak from reference  1
0
Number of channels to offset signal peak from reference  2
0
Number of channels to offset signal peak from reference  3
0
Number of channels to offset signal peak from reference  4
0
"Time constant for response to frequency correction"
10
"Lock to signal peak?"
#FALSE#
"Transfer absolute frequency or transfer drift"
#TRUE#
"Aggessiveness of frequency corrections"
0
"Look for bad lock fits and use relock method to correct?"
#FALSE#
"Look for LN2 fill times, shut down during fill, invoke relock afterward?"
0
"Fraction of ref spectra to save"
100
"Measure derivs T or F?"
#FALSE#
"Starting time for reflock cycle"
"00:00:00"
bullet proof start to frequency lock
#TRUE#
Use fixed lock point in freq lock  1
#TRUE#
Use fixed lock point in freq lock  2
#FALSE#
Use fixed lock point in freq lock  3
#FALSE#
Use fixed lock point in freq lock  4
#FALSE#
fixed lock point for laser  1
220
fixed lock point for laser  2
0
fixed lock point for laser  3
0
fixed lock point for laser  4
0
Run AS on Bad Freqlock?
#FALSE#
relock good chi
100
relock great chi
40
relock long delay
30
relock short delay
1
relock first walk
60
relock big laser shift
5
relock first wait
30
relock midnight update
#FALSE#
delta T param for autostartup  1
0
delta T param for autostartup  2
0
delta T param for autostartup  3
0
delta T param for autostartup  4
0
Take T plunge before autostart?
#FALSE#
Step size in channels during relock
1
"Tuning deriv for laser  1"
-.005
"Tuning deriv for laser  2"
-5.84028009325266E-03
"Tuning deriv for laser  3"
0
"Tuning deriv for laser  4"
0
"Exclude laser (T or F)  1"
#FALSE#
"Exclude laser (T or F)  2"
#FALSE#
"Exclude laser (T or F)  3"
#FALSE#
"Exclude laser (T or F)  4"
#FALSE#
"Freq lock source  1"
3
"Freq lock source  2"
0
"Freq lock source  3"
0
"Freq lock source  4"
0
"Relock lock source  1"
1
"Relock lock source  2"
0
"Relock lock source  3"
0
"Relock lock source  4"
0
"Superlock?  1"
#TRUE#
"Superlock?  2"
#FALSE#
"Superlock?  3"
#FALSE#
"Superlock?  4"
#FALSE#
"lock gain  1"
.05
"lock gain  2"
0
"lock gain  3"
0
"lock gain  4"
0
"lock tau  1"
15
"lock tau  2"
0
"lock tau  3"
0
"lock tau  4"
0
relock semi-con?
#FALSE#
relock use lockpoint? 1
#TRUE#
relock use lockpoint? 2
#FALSE#
relock: lockpoint 1
85
relock: lockpoint 2
0
Use Freq Lock Threshhold 1? (T/F)
#TRUE#
Use Freq Lock Threshhold 2? (T/F)
#FALSE#
Freq Lock Threshhold 1
.01
Freq Lock Threshhold 2
0
Report frequency lock concentrations
#FALSE#
Relock interval
1200
Setup relock with F5 stream - not F1 with FLK5
#TRUE#
Relock AD Input
0
Relock AD Gain
10
Relock with no ASS
#FALSE#
T hop param for autostartup 1
0
T hop param for autostartup 2
0
"length of auto bg in secs"
15
"save bg spectra?"
#TRUE#
"save raw sig spec with bg on and ass?"
#TRUE#
"autobg t interval"
1800
"autobg synchronize?"
#FALSE#
"autobg suppress ratio?"
#FALSE#
"slide BG?"
#FALSE#
""
"00:00:00"
""
#FALSE#
""
#TRUE#
No valves with BG
#TRUE#
new BG method - see flush
#TRUE#
Fix ambient species to zero during abg?
#FALSE#
"timestamp type: 0 (absolute Igor), 1 (relative to trigger)"
0
"pulse high to low? T/F"
#FALSE#
"use pretrigger as BG? T/F"
#FALSE#
"save aggregate spectrum? T/F"
#FALSE#
"pause after burst to view spectra? T/F"
#TRUE#
"duration of pretrigger in ms"
499.95
"duration of burst in ms"
999.9
"time resolution in ms"
.4125
Write Igor block during Burst?
#TRUE#
Filter Igor block?
#TRUE#
"Time of first LN2 fill"
"12:00"
"Number of LN2 fills per day"
4
"pause before ln2 fill"
2
"pause after ln2 fill"
10
"normalization method"
2
"first delay"
0
"second delay"
0
"display ref spec"
#FALSE#
"do ratio"
#TRUE#
"ref AD for norm"
1
"ref gain for norm"
1
"normalize reflock too"
1
"auto save pnorm spec, T or F"
#TRUE#
"what fraction to save"
10
"Treat as Delta"
#FALSE#
fractional leakage of Pnorm pulse into signal pulse
0
Shift Sig Peak with Null Method?
#FALSE#
Analysis Method for Shift of Sig Peak with Null Method? 0,1,2
0
Offset for Shift of Sig Peak with Null Method?
0
Sealed Ref Cell in Null Method?
#FALSE#
P/T for Sealed Cell in Null Method
0
adjust temps in RT null method (0=no adjustment)
0
adjust temps in PB null method (0=no adjustment)
0
Use late ref pulse
#FALSE#
"Flag to define autosave name"
0
"number of spectra to skip or avg in autosave"
1
"skip or average?"
#FALSE#
"zip data?"
#FALSE#
"save spb?"
#TRUE#
"save residuals?"
0
"Sort Spectra by Date"
#TRUE#
"Define input files for playback"
5
"single playback or loop"
1
"save playback fit results?"
1
"playback fit params from pb file or field4?"
0
"Playback fast?"
1
"Playback list"
"playback\playlist.dat"
"folder for playback"
"c:\TDLWintel\Data\161213\"
""
""
"Playback exception code"
3
"playback filter"
95
"Playback: refine grid on last iter"
#FALSE#
"playback load BGs?"
4
"PB spectrum already ABGed?"
#FALSE#
Playback with Null?
#FALSE#
Use Playfolder Subs
#TRUE#
Playback N Avg
100
"Master Slave role"
0
"monitor P in slave cell?"
#TRUE#
"RS232 format"
4
"Invert laser scan"
#TRUE#
"Tau for P avg"
0
"Tau for T avg"
10
"Tau for line width avg"
0
"write stream?"
#TRUE#
"write stream conditions?"
#TRUE#
"stream con n skip"
1
"write baseline integration file?"
#FALSE#
"write transient?"
#FALSE#
"trans file name"
"doe1_cwNO.dat"
"trans drive"
"r:\"
"trans write freq"
60
"write housekeeping?"
#FALSE#
"verbose history?"
#FALSE#
"binary diagnostic file?(T/F)"
#FALSE#
"new stream file at midnight?(T/F)"
#FALSE#
write trans stc?
#FALSE#
"TTL Commands Active"
#FALSE#
"Null Pathlength"
733
"Null pressure"
34.0635757446289
"Null temp"
296.360626220703
"Null gas conc 1"
340000
"Null gas conc 2"
340000
"Null gas conc 3"
340000
"Null gas conc 4"
360000
"Null gas conc 5"
0
"Null gas conc 6"
941085097984
"Null gas conc 7"
0
"Null gas conc 8"
0
"Null gas conc 9"
0
"Null gas conc 10"
0
"Null gas conc 11"
0
"Null gas conc 12"
0
"Null gas conc 13"
0
"Null gas conc 14"
0
"Null gas conc 15"
0
"Null gas conc 16"
0
Extra Avging on P and T
#FALSE#
pLock volts 0
0
pLock setpoint 0
50
pLock range 0
.01
pLock correction 0
30
pLock tau 0
2
pLock sign 0
#TRUE#
pLock deriv 0
.005
pLock volts 1
1.5
pLock setpoint 1
0
pLock range 1
.05
pLock correction 1
100
pLock tau 1
2
pLock sign 1
#TRUE#
pLock deriv 1
.05
"nlin factor for AD 0"
0
"nlin factor for AD 1"
0
"nlin factor for AD 2"
0
"nlin factor for AD 3"
0
set this to true to leave lasers off with normal startup
#FALSE#
Write backup STR/STC? (T/F)
#FALSE#
Write backup spectra? (T/F)
#FALSE#
Chiller temp set point (try 25)(C)
23
Chiller lock gain (try 0.7)
0
Chiller lock tau (try 60) (s)
60
Chiller lock deadband (try 0 or 0.01) (C)
0
Chiller lock - elec T gain (try 0 or 0.01)
0
Chiller lock - elec T offset (try 25) (C)
0
Chiller lock - start on AS? (T/F)
#FALSE#
Tune rate smoothing factor
.5
Interpolate data to 10 Hz? (T/F)
#FALSE#
Shut down computer if P too high? (T/F)
#FALSE#
Shut down computer if P too high: Pressure
80
Shut down computer if P too high: Time Delay
30
Resynch to Windows clock on ABG
0
Resynch to Windows clock at Midnight
0
resynch timestamp?
0
